<?xml version="1.0"?>
<opencv_storage>
<R type_id="opencv-matrix">
  <rows>3</rows>
  <cols>3</cols>
  <dt>d</dt>
  <data>
    9.9984579552001662e-01 -1.3240608782959018e-02
    1.1535660362618884e-02 1.3118235551806294e-02 9.9985755239104357e-01
    1.0620114057713239e-02 -1.1674633910851053e-02
    -1.0467148878665166e-02 9.9987706330198389e-01</data></R>
<T type_id="opencv-matrix">
  <rows>3</rows>
  <cols>1</cols>
  <dt>d</dt>
  <data>
    6.2506717738636610e+01 1.3358735882419164e+00
    -8.7579120029973723e-01</data></T>
<R1 type_id="opencv-matrix">
  <rows>3</rows>
  <cols>3</cols>
  <dt>d</dt>
  <data>
    -9.9996326406125002e-01 -8.2719833866248624e-03
    2.2460674126434680e-03 8.2602022356885775e-03
    -9.9995233839996356e-01 -5.2048042682019515e-03
    2.2890144159139906e-03 -5.1860600937677220e-03
    9.9998393246777084e-01</data></R1>
<R2 type_id="opencv-matrix">
  <rows>3</rows>
  <cols>3</cols>
  <dt>d</dt>
  <data>
    -9.9967362927940784e-01 -2.1364705211370301e-02
    1.4006580402372345e-02 2.1438865335560515e-02
    -9.9975681391663129e-01 5.1660507537153524e-03
    1.3892803045482793e-02 5.4646498970664092e-03 9.9988855760281681e-01</data></R2>
<P1 type_id="opencv-matrix">
  <rows>3</rows>
  <cols>4</cols>
  <dt>d</dt>
  <data>
    5.7650941830025545e+02 0. 3.1378908920288086e+02 0. 0.
    5.7650941830025545e+02 2.4282854843139648e+02 0. 0. 0. 1. 0.</data></P1>
<P2 type_id="opencv-matrix">
  <rows>3</rows>
  <cols>4</cols>
  <dt>d</dt>
  <data>
    5.7650941830025545e+02 0. 3.1378908920288086e+02
    -3.6047476324183102e+04 0. 5.7650941830025545e+02
    2.4282854843139648e+02 0. 0. 0. 1. 0.</data></P2>
<Q type_id="opencv-matrix">
  <rows>4</rows>
  <cols>4</cols>
  <dt>d</dt>
  <data>
    1. 0. 0. -3.1378908920288086e+02 0. 1. 0. -2.4282854843139648e+02 0.
    0. 0. 5.7650941830025545e+02 0. 0. 1.5993059073416846e-02 0.</data></Q>
</opencv_storage>
