<?xml version="1.0"?>
<opencv_storage>
<R type_id="opencv-matrix">
  <rows>3</rows>
  <cols>3</cols>
  <dt>d</dt>
  <data>
    9.9942696835370348e-01 1.6244004209823214e-02
    -2.9696249839946513e-02 -1.5356638942562242e-02
    9.9943584539194530e-01 2.9869124293747235e-02 3.0164690744528749e-02
    -2.9395973753539553e-02 9.9911259033172439e-01</data></R>
<T type_id="opencv-matrix">
  <rows>3</rows>
  <cols>1</cols>
  <dt>d</dt>
  <data>
    6.2659585982945522e+01 2.4117735026971693e-02 1.0727977299886405e+01</data></T>
<R1 type_id="opencv-matrix">
  <rows>3</rows>
  <cols>3</cols>
  <dt>d</dt>
  <data>
    -9.9017776401171376e-01 -1.1429482230010151e-02
    -1.3934619690797703e-01 1.3646667596676132e-02
    -9.9979486896961478e-01 -1.4966243534594657e-02
    -1.3914655626449637e-01 -1.6720852788803843e-02
    9.9013062217151271e-01</data></R1>
<R2 type_id="opencv-matrix">
  <rows>3</rows>
  <cols>3</cols>
  <dt>d</dt>
  <data>
    -9.8565796189731114e-01 -3.7938069936714744e-04
    -1.6875496501947332e-01 -2.1573831290551014e-03
    -9.9988742562257282e-01 1.4848628889514617e-02
    -1.6874160081756123e-01 1.4999738402685817e-02
    9.8554618359637425e-01</data></R2>
<P1 type_id="opencv-matrix">
  <rows>3</rows>
  <cols>4</cols>
  <dt>d</dt>
  <data>
    5.0379786576081966e+02 0. 4.4249556541442871e+02 0. 0.
    5.0379786576081966e+02 2.5576879882812500e+02 0. 0. 0. 1. 0.</data></P1>
<P2 type_id="opencv-matrix">
  <rows>3</rows>
  <cols>4</cols>
  <dt>d</dt>
  <data>
    5.0379786576081966e+02 0. 4.4249556541442871e+02
    -3.2027099570016315e+04 0. 5.0379786576081966e+02
    2.5576879882812500e+02 0. 0. 0. 1. 0.</data></P2>
<Q type_id="opencv-matrix">
  <rows>4</rows>
  <cols>4</cols>
  <dt>d</dt>
  <data>
    1. 0. 0. -4.4249556541442871e+02 0. 1. 0. -2.5576879882812500e+02 0.
    0. 0. 5.0379786576081966e+02 0. 0. 1.5730361866188907e-02 0.</data></Q>
</opencv_storage>
