<?xml version="1.0"?>
<opencv_storage>
<R type_id="opencv-matrix">
  <rows>3</rows>
  <cols>3</cols>
  <dt>d</dt>
  <data>
    9.9492859403942946e-01 -1.1701774886701471e-02
    -9.9900756890151765e-02 1.2312271371870898e-02
    9.9990909326135224e-01 5.4966523380908950e-03 9.9827354649863642e-02
    -6.6987818117471599e-03 9.9498222375369549e-01</data></R>
<T type_id="opencv-matrix">
  <rows>3</rows>
  <cols>1</cols>
  <dt>d</dt>
  <data>
    6.3330427299233797e+01 9.6376870776143331e-01 3.1578996569838140e+00</data></T>
<R1 type_id="opencv-matrix">
  <rows>3</rows>
  <cols>3</cols>
  <dt>d</dt>
  <data>
    -9.9873738009862723e-01 -3.1765994228278400e-03
    5.0135364861912883e-02 3.0120230889422459e-03
    -9.9998982622696664e-01 -3.3578504244104351e-03
    5.0145521341809975e-02 -3.2026018591021070e-03
    9.9873678716200809e-01</data></R1>
<R2 type_id="opencv-matrix">
  <rows>3</rows>
  <cols>3</cols>
  <dt>d</dt>
  <data>
    -9.9864376644146824e-01 -1.5197459631050814e-02
    -4.9796234479736266e-02 1.5033855531517901e-02
    -9.9988029250392030e-01 3.6583944746627003e-03
    -4.9845871799535639e-02 2.9048034421238788e-03
    9.9875269770925124e-01</data></R2>
<P1 type_id="opencv-matrix">
  <rows>3</rows>
  <cols>4</cols>
  <dt>d</dt>
  <data>
    5.0836098021101412e+02 0. 3.1995809173583984e+02 0. 0.
    5.0836098021101412e+02 2.4399967384338379e+02 0. 0. 0. 1. 0.</data></P1>
<P2 type_id="opencv-matrix">
  <rows>3</rows>
  <cols>4</cols>
  <dt>d</dt>
  <data>
    5.0836098021101412e+02 0. 3.1995809173583984e+02
    -3.2238440954518130e+04 0. 5.0836098021101412e+02
    2.4399967384338379e+02 0. 0. 0. 1. 0.</data></P2>
<Q type_id="opencv-matrix">
  <rows>4</rows>
  <cols>4</cols>
  <dt>d</dt>
  <data>
    1. 0. 0. -3.1995809173583984e+02 0. 1. 0. -2.4399967384338379e+02 0.
    0. 0. 5.0836098021101412e+02 0. 0. 1.5768783016778261e-02 0.</data></Q>
</opencv_storage>
