<?xml version="1.0"?>
<opencv_storage>
<R type_id="opencv-matrix">
  <rows>3</rows>
  <cols>3</cols>
  <dt>d</dt>
  <data>
    9.8423680117995560e-01 1.9068254144704996e-03
    -1.7684536527680716e-01 -1.2397639381340579e-03
    9.9999169485903694e-01 3.8824217092408922e-03 1.7685129965150476e-01
    -3.6019758174385408e-03 9.8423099096796596e-01</data></R>
<T type_id="opencv-matrix">
  <rows>3</rows>
  <cols>1</cols>
  <dt>d</dt>
  <data>
    6.2771307003193591e+01 3.5636298209898252e+00 6.6464278613056997e+00</data></T>
<R1 type_id="opencv-matrix">
  <rows>3</rows>
  <cols>3</cols>
  <dt>d</dt>
  <data>
    -9.9573141886295047e-01 -5.7880367669274041e-02
    7.1894398444142499e-02 5.7527210092171925e-02
    -9.9831957378863045e-01 -6.9748612529679944e-03
    7.2177292746310295e-02 -2.8092043280435342e-03
    9.9738786175833161e-01</data></R1>
<R2 type_id="opencv-matrix">
  <rows>3</rows>
  <cols>3</cols>
  <dt>d</dt>
  <data>
    -9.9286006544633021e-01 -5.6366290686195870e-02
    -1.0512721681937509e-01 5.5950247992899230e-02
    -9.9840968211712522e-01 6.9048102301151109e-03
    -1.0534922966705407e-01 9.7361648511925776e-04
    9.9443481027139136e-01</data></R2>
<P1 type_id="opencv-matrix">
  <rows>3</rows>
  <cols>4</cols>
  <dt>d</dt>
  <data>
    4.5476189237284285e+02 0. 3.3601465225219727e+02 0. 0.
    4.5476189237284285e+02 2.4547087097167969e+02 0. 0. 0. 1. 0.</data></P1>
<P2 type_id="opencv-matrix">
  <rows>3</rows>
  <cols>4</cols>
  <dt>d</dt>
  <data>
    4.5476189237284285e+02 0. 3.3601465225219727e+02
    -2.8751280621460413e+04 0. 4.5476189237284285e+02
    2.4547087097167969e+02 0. 0. 0. 1. 0.</data></P2>
<Q type_id="opencv-matrix">
  <rows>4</rows>
  <cols>4</cols>
  <dt>d</dt>
  <data>
    1. 0. 0. -3.3601465225219727e+02 0. 1. 0. -2.4547087097167969e+02 0.
    0. 0. 4.5476189237284285e+02 0. 0. 1.5817100405378162e-02 0.</data></Q>
</opencv_storage>
