<?xml version="1.0"?>
<opencv_storage>
<R type_id="opencv-matrix">
  <rows>3</rows>
  <cols>3</cols>
  <dt>d</dt>
  <data>
    9.8567014620154514e-01 -1.4143295076503739e-02
    -1.6809024389120120e-01 1.7038102104367719e-02
    9.9973012249077187e-01 1.5791936590150404e-02 1.6782153009583034e-01
    -1.8429579185785441e-02 9.8564511090317342e-01</data></R>
<T type_id="opencv-matrix">
  <rows>3</rows>
  <cols>1</cols>
  <dt>d</dt>
  <data>
    6.2748760033215937e+01 7.8497638777758272e-01 3.5596708370721020e+00</data></T>
<R1 type_id="opencv-matrix">
  <rows>3</rows>
  <cols>3</cols>
  <dt>d</dt>
  <data>
    -9.9372828829608595e-01 2.6778161131033192e-03
    1.1178961642744702e-01 -3.6663972773161753e-03
    -9.9995596519035479e-01 -8.6385884975915886e-03
    1.1176156124149400e-01 -8.9942749063077615e-03
    9.9369434759777808e-01</data></R1>
<R2 type_id="opencv-matrix">
  <rows>3</rows>
  <cols>3</cols>
  <dt>d</dt>
  <data>
    -9.9831692424265606e-01 -1.2488776075167067e-02
    -5.6633463984004900e-02 1.1980876386267852e-02
    -9.9988498805807990e-01 9.2988847240000130e-03
    -5.6743082148401285e-02 8.6047154652321954e-03
    9.9835173235691965e-01</data></R2>
<P1 type_id="opencv-matrix">
  <rows>3</rows>
  <cols>4</cols>
  <dt>d</dt>
  <data>
    4.8682162244192341e+02 0. 3.0643286705017090e+02 0. 0.
    4.8682162244192341e+02 2.4790475845336914e+02 0. 0. 0. 1. 0.</data></P1>
<P2 type_id="opencv-matrix">
  <rows>3</rows>
  <cols>4</cols>
  <dt>d</dt>
  <data>
    4.8682162244192341e+02 0. 3.0643286705017090e+02
    -3.0598953522462863e+04 0. 4.8682162244192341e+02
    2.4790475845336914e+02 0. 0. 0. 1. 0.</data></P2>
<Q type_id="opencv-matrix">
  <rows>4</rows>
  <cols>4</cols>
  <dt>d</dt>
  <data>
    1. 0. 0. -3.0643286705017090e+02 0. 1. 0. -2.4790475845336914e+02 0.
    0. 0. 4.8682162244192341e+02 0. 0. 1.5909747439060127e-02 0.</data></Q>
</opencv_storage>
