<?xml version="1.0"?>
<opencv_storage>
<R type_id="opencv-matrix">
  <rows>3</rows>
  <cols>3</cols>
  <dt>d</dt>
  <data>
    9.8611838819470943e-01 5.6524136012776741e-04
    -1.6604278053102206e-01 3.9690361583776344e-03
    9.9962823435918846e-01 2.6974799793601113e-02 1.6599629880284034e-01
    -2.7259375894106101e-02 9.8574953979680957e-01</data></R>
<T type_id="opencv-matrix">
  <rows>3</rows>
  <cols>1</cols>
  <dt>d</dt>
  <data>
    6.3835875330677162e+01 1.5555224672457564e+00 5.8235176092916996e+00</data></T>
<R1 type_id="opencv-matrix">
  <rows>3</rows>
  <cols>3</cols>
  <dt>d</dt>
  <data>
    -9.9692390865207203e-01 -2.2337574906043291e-02
    7.5124916673446715e-02 2.1233601976919824e-02
    -9.9965497065438669e-01 -1.5462011287769726e-02
    7.5444380207946249e-02 -1.3819276149432614e-02
    9.9705424782292795e-01</data></R1>
<R2 type_id="opencv-matrix">
  <rows>3</rows>
  <cols>3</cols>
  <dt>d</dt>
  <data>
    -9.9557157412559327e-01 -2.4259618017008197e-02
    -9.0822418635254060e-02 2.2941154368600346e-02
    -9.9961614100850593e-01 1.5532999436648732e-02
    -9.1164380266223172e-02 1.3380641573995320e-02
    9.9574595866704063e-01</data></R2>
<P1 type_id="opencv-matrix">
  <rows>3</rows>
  <cols>4</cols>
  <dt>d</dt>
  <data>
    4.6274321126764892e+02 0. 3.3120389747619629e+02 0. 0.
    4.6274321126764892e+02 2.4555695724487305e+02 0. 0. 0. 1. 0.</data></P1>
<P2 type_id="opencv-matrix">
  <rows>3</rows>
  <cols>4</cols>
  <dt>d</dt>
  <data>
    4.6274321126764892e+02 0. 3.3120389747619629e+02
    -2.9671013829963340e+04 0. 4.6274321126764892e+02
    2.4555695724487305e+02 0. 0. 0. 1. 0.</data></P2>
<Q type_id="opencv-matrix">
  <rows>4</rows>
  <cols>4</cols>
  <dt>d</dt>
  <data>
    1. 0. 0. -3.3120389747619629e+02 0. 1. 0. -2.4555695724487305e+02 0.
    0. 0. 4.6274321126764892e+02 0. 0. 1.5595800464369260e-02 0.</data></Q>
</opencv_storage>
