<?xml version="1.0"?>
<opencv_storage>
<M1 type_id="opencv-matrix">
  <rows>3</rows>
  <cols>3</cols>
  <dt>d</dt>
  <data>
    6.0624987767696950e+02 0. 3.2330071157741475e+02 0.
    6.0411104123430891e+02 2.4182790568503228e+02 0. 0. 1.</data></M1>
<D1 type_id="opencv-matrix">
  <rows>1</rows>
  <cols>14</cols>
  <dt>d</dt>
  <data>
    1.0966281558866325e-01 -5.1736984895496896e-01 0. 0. 0. 0. 0.
    -7.5302195135287842e-01 0. 0. 0. 0. 0. 0.</data></D1>
<M2 type_id="opencv-matrix">
  <rows>3</rows>
  <cols>3</cols>
  <dt>d</dt>
  <data>
    6.0624987767696950e+02 0. 3.1266446252234090e+02 0.
    6.0411104123430891e+02 2.2975851451533700e+02 0. 0. 1.</data></M2>
<D2 type_id="opencv-matrix">
  <rows>1</rows>
  <cols>14</cols>
  <dt>d</dt>
  <data>
    9.0486283636728448e-02 -1.6423800622562773e-01 0. 0. 0. 0. 0.
    5.0366030920102134e-01 0. 0. 0. 0. 0. 0.</data></D2>
</opencv_storage>
