<?xml version="1.0"?>
<opencv_storage>
<M1 type_id="opencv-matrix">
  <rows>3</rows>
  <cols>3</cols>
  <dt>d</dt>
  <data>
    5.9251962963575613e+02 0. 3.2406666756739594e+02 0.
    6.0423087516439921e+02 2.2952606603612878e+02 0. 0. 1.</data></M1>
<D1 type_id="opencv-matrix">
  <rows>1</rows>
  <cols>14</cols>
  <dt>d</dt>
  <data>
    1.7767232761834389e-01 -7.1883218130528415e-01 0. 0. 0. 0. 0.
    -4.7994015024101350e-01 0. 0. 0. 0. 0. 0.</data></D1>
<M2 type_id="opencv-matrix">
  <rows>3</rows>
  <cols>3</cols>
  <dt>d</dt>
  <data>
    5.9251962963575613e+02 0. 3.1482800590474574e+02 0.
    6.0423087516439921e+02 2.1947394111925411e+02 0. 0. 1.</data></M2>
<D2 type_id="opencv-matrix">
  <rows>1</rows>
  <cols>14</cols>
  <dt>d</dt>
  <data>
    1.5118404693162288e-01 -5.7998852607941309e-01 0. 0. 0. 0. 0.
    -8.7754061924242177e-01 0. 0. 0. 0. 0. 0.</data></D2>
</opencv_storage>
