<?xml version="1.0"?>
<opencv_storage>
<M1 type_id="opencv-matrix">
  <rows>3</rows>
  <cols>3</cols>
  <dt>d</dt>
  <data>
    5.8098462536084674e+02 0. 3.0463243876741990e+02 0.
    5.7848689478397398e+02 2.3968735262643352e+02 0. 0. 1.</data></M1>
<D1 type_id="opencv-matrix">
  <rows>1</rows>
  <cols>14</cols>
  <dt>d</dt>
  <data>
    8.6563708583754381e-02 -3.9253018962747027e-01 0. 0. 0. 0. 0.
    -3.6841832967027610e-01 0. 0. 0. 0. 0. 0.</data></D1>
<M2 type_id="opencv-matrix">
  <rows>3</rows>
  <cols>3</cols>
  <dt>d</dt>
  <data>
    5.8098462536084674e+02 0. 3.2079705770135280e+02 0.
    5.7848689478397398e+02 2.2388414795692455e+02 0. 0. 1.</data></M2>
<D2 type_id="opencv-matrix">
  <rows>1</rows>
  <cols>14</cols>
  <dt>d</dt>
  <data>
    1.0995532464683826e-01 -5.4124563265345504e-01 0. 0. 0. 0. 0.
    -6.5630520653642099e-01 0. 0. 0. 0. 0. 0.</data></D2>
</opencv_storage>
