<?xml version="1.0"?>
<opencv_storage>
<M1 type_id="opencv-matrix">
  <rows>3</rows>
  <cols>3</cols>
  <dt>d</dt>
  <data>
    6.0623669852821308e+02 0. 3.2263892168774532e+02 0.
    6.0472834311842189e+02 2.4128466496662438e+02 0. 0. 1.</data></M1>
<D1 type_id="opencv-matrix">
  <rows>1</rows>
  <cols>14</cols>
  <dt>d</dt>
  <data>
    8.5187573750408613e-02 -1.9898276840883755e-01 0. 0. 0. 0. 0.
    2.4584224211558145e-01 0. 0. 0. 0. 0. 0.</data></D1>
<M2 type_id="opencv-matrix">
  <rows>3</rows>
  <cols>3</cols>
  <dt>d</dt>
  <data>
    6.0623669852821308e+02 0. 3.1366429740981505e+02 0.
    6.0472834311842189e+02 2.2900737750012308e+02 0. 0. 1.</data></M2>
<D2 type_id="opencv-matrix">
  <rows>1</rows>
  <cols>14</cols>
  <dt>d</dt>
  <data>
    1.0939998059356155e-01 -3.0938127461337167e-01 0. 0. 0. 0. 0.
    1.3407522723624210e-01 0. 0. 0. 0. 0. 0.</data></D2>
</opencv_storage>
