<?xml version="1.0"?>
<opencv_storage>
<M1 type_id="opencv-matrix">
  <rows>3</rows>
  <cols>3</cols>
  <dt>d</dt>
  <data>
    5.8144600389575305e+02 0. 3.1513788388517287e+02 0.
    5.7960500523357484e+02 2.4053413016006832e+02 0. 0. 1.</data></M1>
<D1 type_id="opencv-matrix">
  <rows>1</rows>
  <cols>14</cols>
  <dt>d</dt>
  <data>
    4.8309963846386625e-02 -4.0120954620619087e-01 0. 0. 0. 0. 0.
    -5.8955782362798559e-01 0. 0. 0. 0. 0. 0.</data></D1>
<M2 type_id="opencv-matrix">
  <rows>3</rows>
  <cols>3</cols>
  <dt>d</dt>
  <data>
    5.8144600389575305e+02 0. 3.2451603603751909e+02 0.
    5.7960500523357484e+02 2.3186475659260836e+02 0. 0. 1.</data></M2>
<D2 type_id="opencv-matrix">
  <rows>1</rows>
  <cols>14</cols>
  <dt>d</dt>
  <data>
    1.1541135124218502e-01 -5.4582324914076363e-01 0. 0. 0. 0. 0.
    -4.4617005239977037e-01 0. 0. 0. 0. 0. 0.</data></D2>
</opencv_storage>
